Accuracy: 0.9210814760686884

              precision    recall  f1-score   support

           0       0.94      0.89      0.92       271
           1       1.00      1.00      1.00       111
           2       0.90      0.93      0.92       325
           3       0.91      0.92      0.91       691
           4       0.97      0.94      0.95       402
           5       0.95      0.96      0.95       418
           6       0.87      0.87      0.87       519

    accuracy                           0.92      2737
   macro avg       0.93      0.93      0.93      2737
weighted avg       0.92      0.92      0.92      2737
