Accuracy: 0.9251004749725977

              precision    recall  f1-score   support

           0       0.94      0.93      0.94       271
           1       0.99      1.00      1.00       111
           2       0.94      0.93      0.94       325
           3       0.92      0.90      0.91       691
           4       0.96      0.94      0.95       402
           5       0.95      0.95      0.95       418
           6       0.85      0.89      0.87       519

    accuracy                           0.93      2737
   macro avg       0.94      0.94      0.94      2737
weighted avg       0.93      0.93      0.93      2737
