========== Best SVM Result ==========
Best Kernel: rbf
Best C: 1
Test Accuracy: 0.8889294848374132

              precision    recall  f1-score   support

           0       0.00      0.00      0.00         5
           1       0.94      0.92      0.93       267
           2       0.00      0.00      0.00         1
           3       0.93      0.97      0.95       103
           4       0.00      0.00      0.00         2
           5       0.90      0.92      0.91       318
           7       0.00      0.00      0.00        15
           8       0.88      0.93      0.90       658
           9       0.00      0.00      0.00         6
          10       0.00      0.00      0.00        11
          11       0.88      0.95      0.92       376
          12       0.00      0.00      0.00         5
          13       0.00      0.00      0.00         8
          14       0.92      0.95      0.93       403
          15       0.00      0.00      0.00         1
          16       0.84      0.90      0.87       498
          17       0.00      0.00      0.00         9
          18       0.00      0.00      0.00         3
          19       0.00      0.00      0.00         1
          20       0.00      0.00      0.00         7
          21       0.00      0.00      0.00        12
          22       0.00      0.00      0.00        10
          23       0.00      0.00      0.00         6
          24       0.00      0.00      0.00        12

    accuracy                           0.89      2737
   macro avg       0.26      0.27      0.27      2737
weighted avg       0.85      0.89      0.87      2737
