Accuracy: 0.9320423821702594

              precision    recall  f1-score   support

           0       0.95      0.92      0.94       271
           1       1.00      1.00      1.00       111
           2       0.94      0.95      0.94       325
           3       0.92      0.92      0.92       691
           4       0.97      0.95      0.96       402
           5       0.95      0.95      0.95       418
           6       0.88      0.89      0.89       519

    accuracy                           0.93      2737
   macro avg       0.94      0.94      0.94      2737
weighted avg       0.93      0.93      0.93      2737
